/home/hodes/PycharmProjects/opencv_bot/to_progress_pos/1662228697.7561018.jpg 21 690 562 112 138 570 590 120 140 922 480 110 126 0 0 0 0 1154 370 98 168 936 632 104 156 1118 706 106 194 1144 272 76 104 1052 338 88 164 978 244 104 154 1730 782 130 198 1352 724 126 150 1364 856 110 142 1126 598 118 116 1334 116 166 330 1300 224 50 106 1250 276 84 128 1290 534 122 146 1402 582 152 110 1354 494 126 84 984 396 96 164
/home/hodes/PycharmProjects/opencv_bot/to_progress_pos/1662228698.286869.jpg 27 804 270 92 164 1032 130 80 128 898 254 72 124 1192 298 74 88 1120 338 100 116 1280 430 140 136 0 0 0 0 0 0 0 0 0 0 0 0 966 536 106 206 0 0 0 0 0 0 0 0 1122 590 120 166 1270 628 140 156 1622 566 258 146 1384 662 182 132 820 570 130 124 926 450 128 86 888 510 100 134 1042 498 90 104 1134 506 88 94 1568 642 152 198 1418 894 106 130 982 260 124 82 976 304 98 54 1174 120 354 312 1264 554 158 98
/home/hodes/PycharmProjects/opencv_bot/to_progress_pos/1662228811.766891.jpg 21 624 180 202 98 280 156 172 164 186 378 178 92 168 460 142 90 208 496 166 140 252 648 210 126 514 644 140 138 482 274 164 104 414 380 192 104 426 464 172 122 590 392 176 102 550 508 112 84 638 482 114 120 736 510 138 94 780 446 122 104 940 588 216 228 996 540 124 96 638 606 192 138 736 268 158 92 1030 266 220 194 1050 366 104 124
/home/hodes/PycharmProjects/opencv_bot/to_progress_pos/1662228812.879203.jpg 27 458 664 154 152 196 638 178 124 212 518 96 130 114 466 152 128 172 386 164 106 270 148 126 156 466 304 174 104 562 560 134 134 664 512 134 130 762 498 122 92 774 448 138 64 660 334 128 112 712 280 126 82 804 338 80 86 870 314 136 90 782 238 132 112 1030 18 140 132 968 84 132 122 698 62 128 128 608 6 90 104 460 92 136 102 1016 376 104 94 342 388 104 136 316 320 96 88 462 418 144 138 546 232 122 102 610 458 100 90
/home/hodes/PycharmProjects/opencv_bot/to_progress_pos/1662228813.646671.jpg 29 180 614 200 138 110 446 176 138 160 362 162 116 298 296 138 156 450 376 136 188 266 502 170 140 262 172 156 108 872 80 122 142 834 176 132 130 716 252 114 94 604 326 96 120 686 94 132 124 628 188 124 140 474 692 154 156 634 606 122 168 548 536 110 120 1200 478 118 124 1104 496 124 146 1104 282 102 168 980 292 100 100 636 512 98 76 768 492 136 86 746 450 118 76 924 434 124 118 876 420 94 88 846 356 140 90 846 272 150 132 734 376 88 92 512 224 146 140
/home/hodes/PycharmProjects/opencv_bot/to_progress_pos/1662228814.3912055.jpg 27 1226 636 172 148 1308 558 144 132 1192 300 198 130 170 378 152 98 120 456 158 120 182 634 168 102 296 292 132 166 446 244 112 124 546 224 128 128 910 136 84 110 856 178 74 110 774 230 92 108 478 674 138 154 544 522 96 144 542 358 128 122 432 398 144 118 330 484 102 150 248 516 126 122 428 844 90 164 524 848 78 180 732 506 172 124 630 518 120 100 866 380 134 112 782 356 82 100 768 426 70 70 624 628 98 148 682 712 120 204
/home/hodes/PycharmProjects/opencv_bot/to_progress_pos/1662387118.6767669.jpg 14 634 210 226 150 862 200 172 118 976 88 100 136 1054 24 100 138 254 224 116 94 360 184 180 116 1508 682 248 274 1090 174 98 56 1202 196 84 146 1250 212 104 138 1454 242 164 164 1582 496 246 136 1478 930 184 90 1690 320 200 92
/home/hodes/PycharmProjects/opencv_bot/to_progress_pos/1662387120.0939555.jpg 23 10 590 152 122 116 684 192 118 224 724 198 176 368 184 142 74 472 204 154 108 720 266 110 172 756 242 106 122 1276 284 166 110 1370 230 116 66 1402 294 134 82 1188 752 280 144 1064 596 242 164 1002 562 132 108 920 600 116 140 744 572 166 146 968 246 190 72 1584 518 248 106 1484 434 244 114 1388 384 230 112 1530 708 180 166 1568 652 184 142 1090 156 88 84 998 292 72 150
/home/hodes/PycharmProjects/opencv_bot/to_progress_pos/1662387140.3420527.jpg 31 1464 694 186 184 1392 376 172 158 1282 268 178 104 1570 436 202 120 866 520 120 126 722 722 226 170 1060 780 110 142 748 640 92 82 770 570 162 176 730 218 162 86 616 366 72 68 702 400 152 112 662 352 128 148 746 296 66 70 352 408 214 98 388 296 76 78 408 260 108 100 276 452 210 58 1198 504 172 92 402 108 88 90 496 38 104 122 312 88 64 30 330 98 98 94 184 176 112 100 316 216 68 128 232 648 194 100 232 346 92 92 124 442 132 90 152 312 110 102 6 386 144 126 6 316 154 76
/home/hodes/PycharmProjects/opencv_bot/to_progress_pos/1662387142.2681284.jpg 26 1388 372 168 166 1230 430 132 104 1474 714 194 162 1044 794 138 124 930 676 276 130 1046 532 176 102 754 652 170 152 702 644 122 176 590 638 164 174 314 488 214 178 124 442 152 82 186 344 120 98 398 94 132 130 320 272 210 160 352 326 112 112 544 562 120 112 604 498 78 132 1004 236 198 114 838 206 184 108 712 270 104 124 756 510 100 82 800 474 156 130 602 414 148 82 520 350 130 102 918 594 134 112 662 364 124 94
/home/hodes/PycharmProjects/opencv_bot/to_progress_pos/1662387188.5580149.jpg 0
/home/hodes/PycharmProjects/opencv_bot/to_progress_pos/1662387258.062623.jpg 14 1068 4 108 72 812 6 198 120 852 42 224 176 1056 116 86 76 1018 154 176 122 704 300 130 92 846 800 172 112 576 656 262 176 1070 772 84 156 1058 658 184 178 972 666 540 228 1172 208 104 76 1266 10 120 98 320 302 222 152
/home/hodes/PycharmProjects/opencv_bot/to_progress_pos/1662387259.1120794.jpg 16 770 80 226 184 968 142 200 130 1050 200 170 204 1200 414 126 108 556 476 180 182 4 336 120 186 1100 684 192 112 1018 468 132 126 560 640 160 220 1356 770 136 170 1232 518 176 276 886 272 88 74 694 502 194 212 872 522 94 132 986 552 134 154 890 596 210 304
/home/hodes/PycharmProjects/opencv_bot/to_progress_pos/1662387364.478687.jpg 0
/home/hodes/PycharmProjects/opencv_bot/to_progress_pos/1662387374.6853354.jpg 0
/home/hodes/PycharmProjects/opencv_bot/to_progress_pos/1662387398.2372541.jpg 24 792 510 172 122 554 510 238 40 424 550 130 122 424 672 332 2 610 674 146 128 1302 316 268 226 1110 326 146 110 1428 114 140 130 1078 262 166 66 692 338 142 122 828 304 92 104 776 168 184 132 942 210 116 132 912 298 112 82 472 426 146 102 464 354 130 96 8 578 202 132 2 386 248 214 280 452 134 116 238 322 206 162 174 246 156 116 500 210 204 186 390 106 128 118 256 104 170 144
/home/hodes/PycharmProjects/opencv_bot/to_progress_pos/1662387424.6838198.jpg 0
