pos\1662226817.9879436.jpg 17 712 164 94 135 1381 169 96 154 1463 343 82 163 1388 399 96 145 1534 494 87 139 1571 598 93 189 1622 840 152 159 1251 748 187 217 404 327 146 122 441 446 109 143 627 361 144 170 690 407 89 152 312 455 96 212 337 635 129 145 76 463 169 208 150 720 135 183 349 814 118 212
pos\1662226912.4548326.jpg 27 1439 95 116 161 1335 132 77 136 1373 225 46 121 1325 257 55 179 1240 218 75 165 887 27 79 162 757 96 89 122 825 216 95 137 999 224 77 146 1101 183 74 162 1144 287 72 144 692 388 108 140 648 330 86 152 563 274 82 127 195 389 126 146 75 562 102 149 372 644 138 182 605 575 106 240 698 598 116 222 707 537 90 117 835 548 89 163 833 693 127 212 1014 421 84 136 1027 495 164 205 1106 489 113 148 1403 504 124 228 1248 818 114 116
pos\1662227580.408652.jpg 31 1118 93 122 131 1260 147 104 201 1187 294 112 175 1334 348 99 238 1378 562 125 174 1789 437 77 141 1702 340 61 150 1776 289 110 149 1051 552 144 186 1082 361 112 174 997 407 110 223 779 381 131 229 712 399 131 141 826 532 89 148 666 616 158 131 604 743 164 171 344 495 92 105 287 539 138 150 188 391 101 163 268 284 120 183 268 284 120 183 659 273 98 117 594 178 100 199 585 152 96 109 385 242 173 86 762 2 93 137 666 71 98 202 874 87 101 81 821 154 130 91 426 68 78 78 308 64 87 109
pos\1662227581.5533507.jpg 23 966 36 100 144 860 87 114 168 595 21 119 123 770 2 97 66 1214 302 152 253 1087 254 133 240 1395 549 97 179 343 508 101 232 274 367 100 198 192 445 111 150 397 233 145 117 487 50 85 137 233 62 114 76 619 228 88 187 562 257 76 180 592 352 95 177 729 287 119 186 795 392 98 216 811 536 87 132 985 421 122 203 966 349 72 94 875 306 118 110 896 436 81 147
pos\1662227604.5544786.jpg 14 523 216 147 117 591 304 141 157 638 436 122 228 761 488 140 135 918 443 146 195 420 509 172 156 225 243 143 200 128 458 143 195 251 598 147 151 576 700 175 115 456 697 130 237 363 798 140 170 830 677 184 182 1776 871 126 112
pos\1662227640.0376332.jpg 14 454 277 132 173 1443 420 133 197 1641 344 129 207 1396 72 97 168 1231 32 77 132 1314 39 90 131 199 134 101 212 274 465 124 180 191 516 104 170 371 672 123 200 51 633 188 106 94 480 116 136 32 400 100 141 105 299 174 174
pos\1662228599.1745515.jpg 16 760 137 105 218 878 178 96 156 544 25 93 163 982 100 127 128 1085 121 143 222 1296 109 120 137 1278 6 65 169 1331 18 87 170 1368 568 134 199 1715 743 178 271 948 637 187 241 1272 769 125 179 1130 803 113 129 1327 925 189 100 892 463 155 197 595 767 163 155
pos\1662228600.2329073.jpg 21 697 192 108 158 866 195 124 126 758 256 122 214 984 322 143 193 902 484 98 178 731 539 130 210 1064 577 108 226 756 753 90 131 817 727 111 123 1259 677 133 229 1723 700 161 285 1507 356 161 208 1101 156 128 162 1167 100 95 158 1310 102 84 155 961 42 87 133 850 4 80 149 769 45 74 124 1469 5 85 143 1569 19 115 159 189 172 88 175
pos\1662228601.1802094.jpg 24 326 219 112 200 636 259 136 152 720 377 99 185 761 279 129 164 848 311 86 123 873 203 112 115 1008 83 118 139 930 47 79 136 858 58 93 142 539 87 101 123 496 13 103 107 1405 72 128 174 1307 81 88 164 1546 140 101 136 1629 714 212 257 809 542 130 203 911 420 109 103 987 501 67 111 910 486 88 145 1121 201 113 123 1117 155 87 91 1012 229 131 175 1176 291 113 128 1265 355 125 177
pos\1662228612.4259238.jpg 21 418 421 143 228 388 216 142 175 520 198 173 132 251 209 99 165 163 167 112 220 1125 318 163 213 1312 356 140 229 1247 579 195 126 1036 571 136 163 840 371 111 93 836 467 149 98 759 475 134 208 899 565 87 133 841 612 93 188 1369 617 150 210 1092 749 158 161 1002 827 119 103 1466 731 194 232 1527 453 161 233 1717 501 178 221 1618 206 81 156
pos\1662228613.289387.jpg 26 265 214 209 196 461 274 134 152 597 294 117 205 503 380 106 187 1353 225 125 190 1287 11 114 174 936 69 127 131 1034 271 146 205 727 316 123 120 782 458 138 184 893 479 110 133 938 587 87 136 1033 623 112 189 983 486 94 153 1167 358 163 221 1288 428 161 213 1455 475 95 120 1550 423 78 184 1388 645 129 173 1607 691 121 156 1534 851 123 160 1420 899 127 101 1604 919 151 111 959 813 197 121 628 672 140 251 541 742 90 212
pos\1662228614.330585.jpg 28 307 198 163 128 825 168 121 116 1020 143 97 107 1138 164 135 148 1295 527 91 183 1410 582 109 172 1535 441 118 215 988 552 105 228 1181 607 122 142 1098 612 106 130 1334 858 146 173 1609 857 159 133 1618 711 102 155 1443 701 167 158 101 316 177 214 458 400 149 173 562 436 147 202 503 215 199 191 775 330 117 129 748 445 147 102 792 490 140 177 892 504 93 211 971 461 60 111 1034 263 91 79 1026 299 98 78 976 345 124 133 1111 337 108 161 1094 472 111 114

