pos\1662226817.9879436.jpg 17 712 164 94 135 1381 169 96 154 1463 343 82 163 1388 399 96 145 1534 494 87 139 1571 598 93 189 1622 840 152 159 1251 748 187 217 404 327 146 122 441 446 109 143 627 361 144 170 690 407 89 152 312 455 96 212 337 635 129 145 76 463 169 208 150 720 135 183 349 814 118 212
pos\1662226912.4548326.jpg 27 1439 95 116 161 1335 132 77 136 1373 225 46 121 1325 257 55 179 1240 218 75 165 887 27 79 162 757 96 89 122 825 216 95 137 999 224 77 146 1101 183 74 162 1144 287 72 144 692 388 108 140 648 330 86 152 563 274 82 127 195 389 126 146 75 562 102 149 372 644 138 182 605 575 106 240 698 598 116 222 707 537 90 117 835 548 89 163 833 693 127 212 1014 421 84 136 1027 495 164 205 1106 489 113 148 1403 504 124 228 1248 818 114 116
pos\1662227580.408652.jpg 31 1118 93 122 131 1260 147 104 201 1187 294 112 175 1334 348 99 238 1378 562 125 174 1789 437 77 141 1702 340 61 150 1776 289 110 149 1051 552 144 186 1082 361 112 174 997 407 110 223 779 381 131 229 712 399 131 141 826 532 89 148 666 616 158 131 604 743 164 171 344 495 92 105 287 539 138 150 188 391 101 163 268 284 120 183 268 284 120 183 659 273 98 117 594 178 100 199 585 152 96 109 385 242 173 86 762 2 93 137 666 71 98 202 874 87 101 81 821 154 130 91 426 68 78 78 308 64 87 109
pos\1662227581.5533507.jpg 23 966 36 100 144 860 87 114 168 595 21 119 123 770 2 97 66 1214 302 152 253 1087 254 133 240 1395 549 97 179 343 508 101 232 274 367 100 198 192 445 111 150 397 233 145 117 487 50 85 137 233 62 114 76 619 228 88 187 562 257 76 180 592 352 95 177 729 287 119 186 795 392 98 216 811 536 87 132 985 421 122 203 966 349 72 94 875 306 118 110 896 436 81 147
pos\1662227604.5544786.jpg 14 523 216 147 117 591 304 141 157 638 436 122 228 761 488 140 135 918 443 146 195 420 509 172 156 225 243 143 200 128 458 143 195 251 598 147 151 576 700 175 115 456 697 130 237 363 798 140 170 830 677 184 182 1776 871 126 112
pos\1662227640.0376332.jpg 14 454 277 132 173 1443 420 133 197 1641 344 129 207 1396 72 97 168 1231 32 77 132 1314 39 90 131 199 134 101 212 274 465 124 180 191 516 104 170 371 672 123 200 51 633 188 106 94 480 116 136 32 400 100 141 105 299 174 174
pos\1662228599.1745515.jpg 16 760 137 105 218 878 178 96 156 544 25 93 163 982 100 127 128 1085 121 143 222 1296 109 120 137 1278 6 65 169 1331 18 87 170 1368 568 134 199 1715 743 178 271 948 637 187 241 1272 769 125 179 1130 803 113 129 1327 925 189 100 892 463 155 197 595 767 163 155
pos\1662228600.2329073.jpg 21 697 192 108 158 866 195 124 126 758 256 122 214 984 322 143 193 902 484 98 178 731 539 130 210 1064 577 108 226 756 753 90 131 817 727 111 123 1259 677 133 229 1723 700 161 285 1507 356 161 208 1101 156 128 162 1167 100 95 158 1310 102 84 155 961 42 87 133 850 4 80 149 769 45 74 124 1469 5 85 143 1569 19 115 159 189 172 88 175
pos\1662228601.1802094.jpg 24 326 219 112 200 636 259 136 152 720 377 99 185 761 279 129 164 848 311 86 123 873 203 112 115 1008 83 118 139 930 47 79 136 858 58 93 142 539 87 101 123 496 13 103 107 1405 72 128 174 1307 81 88 164 1546 140 101 136 1629 714 212 257 809 542 130 203 911 420 109 103 987 501 67 111 910 486 88 145 1121 201 113 123 1117 155 87 91 1012 229 131 175 1176 291 113 128 1265 355 125 177
pos\1662228612.4259238.jpg 21 418 421 143 228 388 216 142 175 520 198 173 132 251 209 99 165 163 167 112 220 1125 318 163 213 1312 356 140 229 1247 579 195 126 1036 571 136 163 840 371 111 93 836 467 149 98 759 475 134 208 899 565 87 133 841 612 93 188 1369 617 150 210 1092 749 158 161 1002 827 119 103 1466 731 194 232 1527 453 161 233 1717 501 178 221 1618 206 81 156
pos\1662228613.289387.jpg 26 265 214 209 196 461 274 134 152 597 294 117 205 503 380 106 187 1353 225 125 190 1287 11 114 174 936 69 127 131 1034 271 146 205 727 316 123 120 782 458 138 184 893 479 110 133 938 587 87 136 1033 623 112 189 983 486 94 153 1167 358 163 221 1288 428 161 213 1455 475 95 120 1550 423 78 184 1388 645 129 173 1607 691 121 156 1534 851 123 160 1420 899 127 101 1604 919 151 111 959 813 197 121 628 672 140 251 541 742 90 212
pos\1662228614.330585.jpg 28 307 198 163 128 825 168 121 116 1020 143 97 107 1138 164 135 148 1295 527 91 183 1410 582 109 172 1535 441 118 215 988 552 105 228 1181 607 122 142 1098 612 106 130 1334 858 146 173 1609 857 159 133 1618 711 102 155 1443 701 167 158 101 316 177 214 458 400 149 173 562 436 147 202 503 215 199 191 775 330 117 129 748 445 147 102 792 490 140 177 892 504 93 211 971 461 60 111 1034 263 91 79 1026 299 98 78 976 345 124 133 1111 337 108 161 1094 472 111 114
pos\1662387777.7031844.jpg 5 848 335 287 291 917 573 298 246 445 404 123 229 383 544 136 169 16 876 236 138
pos\1662387779.7103174.jpg 11 589 272 233 183 253 826 311 201 84 556 174 176 438 524 208 152 356 402 254 143 580 383 186 145 992 284 231 216 819 264 120 221 953 464 268 192 1140 491 204 195 932 630 120 187
pos\1662387806.45101.jpg 17 185 611 316 165 727 327 211 153 1137 179 192 149 1345 30 182 174 733 601 158 144 866 626 171 180 1510 721 163 216 1719 464 184 147 1632 533 136 204 1791 649 112 144 1182 336 167 119 1073 331 119 146 1367 677 120 187 1251 692 109 116 1162 731 201 127 1129 440 303 267 1397 207 294 420
pos\1662387807.7010052.jpg 13 231 486 266 129 205 272 150 124 80 295 127 175 1219 530 141 250 832 188 289 428 1120 401 130 191 1054 505 156 220 892 556 202 185 1374 400 95 228 1268 453 112 152 1242 296 139 150 1404 200 236 439 1796 321 105 220
pos\1662387808.7403538.jpg 17 8 296 113 206 341 228 270 88 342 308 218 128 326 438 151 184 444 562 146 254 626 433 249 161 1298 636 182 132 1435 544 113 141 1281 488 155 148 602 55 279 285 894 253 151 137 1154 532 150 191 1341 184 274 367 1580 503 151 266 1614 370 218 269 1075 268 87 129 932 421 174 298
pos\1662388768.004814.jpg 15 576 333 117 130 552 168 329 149 979 232 99 114 1202 381 125 130 1364 218 105 133 1141 540 197 148 1533 662 214 295 1133 68 137 118 1003 137 147 109 866 70 151 210 365 61 176 172 276 127 175 319 140 260 158 199 3 203 95 153 69 573 189 189
pos\1662388768.8298972.jpg 23 1201 194 100 126 1355 242 168 125 1210 370 120 169 1109 528 202 185 530 327 175 118 999 247 111 130 907 162 182 175 815 202 121 129 509 146 300 179 379 61 201 165 259 123 204 316 262 320 106 127 157 305 118 123 8 368 191 186 2 282 139 91 361 476 177 142 248 599 304 250 518 793 217 139 307 816 221 204 858 658 223 263 1088 768 163 158 1446 575 221 245 1516 748 283 251
pos\1662388769.5874252.jpg 29 1333 197 124 84 1366 263 140 105 1156 302 146 106 1215 385 109 125 1317 332 120 146 997 243 98 106 893 122 158 231 805 255 103 102 1664 721 152 267 1384 683 189 253 929 534 173 287 1045 757 166 187 1266 686 108 184 1144 636 131 202 1123 536 141 117 953 449 110 92 679 369 106 129 527 390 145 130 453 495 207 105 495 570 207 111 600 627 265 229 352 413 116 193 8 522 315 208 62 363 256 181 110 311 155 117 211 235 354 143 374 54 204 181 731 174 98 110 552 97 163 252
pos\1662388787.8242018.jpg 25 575 494 211 148 677 261 151 226 737 74 308 152 882 225 149 160 801 240 105 142 882 531 128 334 1002 616 101 156 1148 580 154 145 1089 690 296 236 1459 754 143 213 1018 246 106 109 1112 134 137 54 1094 191 169 148 1259 241 124 124 1290 138 263 152 1477 572 135 140 1408 485 141 179 1321 525 86 144 1038 384 196 190 1276 412 174 123 1613 640 173 184 1587 551 152 125 1411 292 186 116 1599 442 236 143 1692 844 210 129
pos\1662388788.3458757.jpg 25 783 135 100 122 505 695 179 234 824 703 262 213 820 448 145 261 957 526 120 185 1146 600 122 152 1044 622 185 210 696 282 130 239 1174 131 324 140 1026 289 108 75 988 226 88 125 880 140 174 173 1041 5 115 151 1097 219 139 141 1003 370 107 196 1020 435 240 99 1224 295 162 172 1446 586 183 167 1228 500 302 176 1318 587 121 104 1597 746 206 200 1766 483 119 277 1601 515 193 236 567 517 216 110 1478 759 117 201
pos\1662388789.0804195.jpg 26 1043 23 132 133 644 222 137 135 657 291 195 137 790 322 134 141 531 470 247 181 446 739 242 185 800 444 207 295 828 88 166 232 1237 120 163 251 1378 145 109 103 981 230 105 123 1123 242 113 137 1012 338 154 173 1157 432 165 163 975 583 188 162 1139 568 248 175 1401 700 341 214 1464 843 157 124 1656 678 130 97 1732 446 115 96 1459 454 252 111 1488 574 393 151 1177 355 131 88 1493 219 123 146 1594 81 87 158 1387 570 107 115
pos\1662388848.6331313.jpg 17 3 495 255 252 687 759 179 115 1493 605 161 128 1026 500 155 103 1338 310 322 226 591 594 178 113 291 450 158 123 453 464 123 81 374 532 149 118 646 457 152 126 722 529 124 72 958 377 93 81 1053 11 363 310 1413 150 118 86 210 276 206 103 561 54 69 61 453 47 88 74
pos\1662388849.0276291.jpg 20 11 492 271 249 371 106 132 85 558 54 117 63 723 5 97 64 311 433 195 182 503 440 152 111 590 480 165 111 571 572 211 145 769 442 136 122 845 491 166 107 1006 471 174 134 970 376 66 86 1603 609 102 98 1503 581 113 138 1334 335 266 224 1165 278 119 110 1083 16 379 373 1014 89 101 120 791 728 126 153 687 738 116 130
pos\1662388849.3284423.jpg 19 343 153 114 94 563 39 116 77 1013 7 122 64 1005 21 383 325 1107 330 94 63 0 522 229 225 313 472 193 143 269 376 146 143 697 745 145 149 778 674 174 129 800 524 93 146 612 550 185 164 632 439 156 122 792 455 146 103 902 495 124 94 1026 480 114 114 1417 567 139 119 1532 624 127 112 1222 374 289 198
pos\1662388910.271799.jpg 1 1376 316 190 146
